193193 289467082
191046 309473973
195013 703144403
194789 273363566
195013 412257228
196438 1078480474
196531 262458540
200473 1218060657
200992 384178699
202973 388129376
202478 865973051
200991 808950587
201669 261251958
200245 237922897
199435 453849105
208307 274685159
205667 41302109
207454 2053492100
204544 395656493
207273 452765346
207273 748609293
207889 227944681
203894 291169374
203912 1144474290
204577 190379775
194315 44513981
195013 412257228
195013 703144403
195868 142574618
196438 1078480474
196531 262458540
199435 453849105
200041 999591050
200245 237922897
200473 1218060657
200991 808950587
200992 384178699
202328 744217890
202478 865973051
203894 291169374
203912 1144474290
204544 395656493
207273 452765346
207273 748609293
207454 2053492100
207889 227944681
